1 0.15985576923076922 0.15384615384615385 0.046875 0.10817307692307693
1 0.1045673076923077 0.46153846153846156 0.042067307692307696 0.09014423076923077
1 0.22115384615384615 0.4206730769230769 0.056490384615384616 0.12139423076923077
1 0.3173076923076923 0.3786057692307692 0.038461538461538464 0.09375
1 0.35096153846153844 0.6670673076923077 0.06370192307692307 0.13942307692307693
1 0.3473557692307692 0.19230769230769232 0.038461538461538464 0.08413461538461539
1 0.4807692307692308 0.21875 0.03365384615384615 0.07692307692307693
1 0.47596153846153844 0.38461538461538464 0.046875 0.10817307692307693
1 0.6021634615384616 0.5108173076923077 0.0673076923076923 0.15384615384615385
1 0.6971153846153846 0.49399038461538464 0.046875 0.10817307692307693
1 0.6189903846153846 0.2860576923076923 0.046875 0.09375
1 0.78125 0.3581730769230769 0.046875 0.10817307692307693
1 0.8954326923076923 0.4951923076923077 0.055288461538461536 0.10817307692307693