1 0.5252403846153846 0.35096153846153844 0.05889423076923077 0.14182692307692307
1 0.47115384615384615 0.578125 0.06370192307692307 0.1658653846153846
1 0.38461538461538464 0.4411057692307692 0.06370192307692307 0.1658653846153846
1 0.34615384615384615 0.22596153846153846 0.0625 0.14423076923076922
1 0.17427884615384615 0.31971153846153844 0.04927884615384615 0.1310096153846154
1 0.16826923076923078 0.53125 0.06370192307692307 0.1658653846153846
1 0.25240384615384615 0.5384615384615384 0.04326923076923077 0.13942307692307693
1 0.578125 0.6141826923076923 0.05889423076923077 0.14423076923076922
1 0.6911057692307693 0.5925480769230769 0.0673076923076923 0.13942307692307693
1 0.8425480769230769 0.6466346153846154 0.06370192307692307 0.1658653846153846
1 0.7956730769230769 0.28125 0.06370192307692307 0.1658653846153846
1 0.6189903846153846 0.2608173076923077 0.06370192307692307 0.1658653846153846